{
 "cells": [
  {
   "cell_type": "code",
   "execution_count": 89,
   "id": "3ac53477",
   "metadata": {},
   "outputs": [],
   "source": [
    "import matplotlib.pyplot as plt\n",
    "import numpy as np\n",
    "import seaborn as sns\n",
    "import pandas as pd"
   ]
  },
  {
   "cell_type": "code",
   "execution_count": 90,
   "id": "1374ede6",
   "metadata": {},
   "outputs": [
    {
     "name": "stdout",
     "output_type": "stream",
     "text": [
      "   time         A         B         C         D         E         F         G  \\\n",
      "0     0  0.207366 -0.159951 -0.634176 -0.580962 -0.266505  0.060173 -0.475257   \n",
      "1     1  0.188828 -0.265508  0.042143 -0.550442 -0.132319 -0.185219  0.028295   \n",
      "2     2 -0.144261 -0.577142 -0.214634 -0.747391 -0.184255 -0.464831 -0.085181   \n",
      "3     3  0.208982 -0.310449  0.513708 -0.562868  0.742308 -0.305487  0.762246   \n",
      "4     4  0.093320 -0.358156  0.173188 -0.687296 -0.161461 -0.116062 -0.245748   \n",
      "\n",
      "          H         I         J         K         L         M         N  \\\n",
      "0 -1.486516 -0.332594 -0.671466 -0.226149 -0.187624 -0.780237 -0.785965   \n",
      "1  0.093210 -0.518139 -0.251917 -0.347845 -0.359069 -0.161254  0.020401   \n",
      "2  0.700449 -0.603438  0.197773 -0.566696 -0.580799  0.202726  0.135261   \n",
      "3  1.363020 -0.384575  0.525556 -0.348514 -0.428099  0.548993  0.471031   \n",
      "4  0.863372 -0.655588 -0.263358 -0.557428 -0.481214  0.083602  0.003087   \n",
      "\n",
      "         Y1        Y2   O    P  \n",
      "0 -0.935902 -0.310081 NaN  NaN  \n",
      "1 -0.089707 -0.305374 NaN  NaN  \n",
      "2 -0.077855 -0.631485 NaN  NaN  \n",
      "3  0.941271 -0.535212 NaN  0.0  \n",
      "4 -0.039582 -0.490561 NaN  NaN  \n",
      "   id   time         A         B         C         D         E         F  \\\n",
      "0   1  80005 -0.371888 -0.273485  0.538326 -0.377691  1.283159 -0.286957   \n",
      "1   2  80006 -0.459598 -0.514915 -0.235153 -0.262379  0.044343 -0.429888   \n",
      "2   3  80007 -0.381609 -0.265023 -0.629131 -0.186288 -0.146302 -0.357875   \n",
      "3   4  80008 -0.371423 -0.106279 -1.142702 -0.200429 -0.176918 -0.354048   \n",
      "4   5  80009 -0.309393 -0.015144 -1.099371 -0.405841 -0.239068 -0.403306   \n",
      "\n",
      "          G         H         I         J         K         L         M  \\\n",
      "0  0.439415  0.020831 -0.295480  0.117643 -0.369900 -0.378902  0.470166   \n",
      "1 -0.059034 -0.725713 -0.407681 -0.255702 -0.461901 -0.249516 -0.216745   \n",
      "2  0.114223 -0.359341 -0.190712 -0.404083 -0.272153 -0.193158 -0.679351   \n",
      "3 -0.230199 -0.305226  0.185342 -0.333010  0.518678 -0.028775 -0.610620   \n",
      "4 -0.983134 -1.067315 -0.105132 -0.809948  0.185197 -0.150254 -1.080190   \n",
      "\n",
      "          N   O    P  \n",
      "0  0.411796 NaN  NaN  \n",
      "1 -0.328599 NaN  NaN  \n",
      "2 -0.476331 NaN  NaN  \n",
      "3 -0.846772 NaN  0.0  \n",
      "4 -0.685936 NaN  NaN  \n"
     ]
    }
   ],
   "source": [
    "train_data = pd.read_csv('./data/train.csv')\n",
    "test_data = pd.read_csv('./data/test.csv')\n",
    "train_data_new = pd.read_csv('./data/train_new.csv')\n",
    "test_data_new = pd.read_csv('./data/test_new.csv')\n",
    "\n",
    "train_data = train_data.join(train_data_new)\n",
    "test_data = test_data.join(test_data_new)\n",
    "\n",
    "print(train_data.head())\n",
    "print(test_data.head())"
   ]
  },
  {
   "cell_type": "code",
   "execution_count": 91,
   "id": "596a8f19",
   "metadata": {},
   "outputs": [
    {
     "data": {
      "text/html": [
       "<div>\n",
       "<style scoped>\n",
       "    .dataframe tbody tr th:only-of-type {\n",
       "        vertical-align: middle;\n",
       "    }\n",
       "\n",
       "    .dataframe tbody tr th {\n",
       "        vertical-align: top;\n",
       "    }\n",
       "\n",
       "    .dataframe thead th {\n",
       "        text-align: right;\n",
       "    }\n",
       "</style>\n",
       "<table border=\"1\" class=\"dataframe\">\n",
       "  <thead>\n",
       "    <tr style=\"text-align: right;\">\n",
       "      <th></th>\n",
       "      <th>time</th>\n",
       "      <th>A</th>\n",
       "      <th>B</th>\n",
       "      <th>C</th>\n",
       "      <th>D</th>\n",
       "      <th>E</th>\n",
       "      <th>F</th>\n",
       "      <th>G</th>\n",
       "      <th>H</th>\n",
       "      <th>I</th>\n",
       "      <th>J</th>\n",
       "      <th>K</th>\n",
       "      <th>L</th>\n",
       "      <th>M</th>\n",
       "      <th>N</th>\n",
       "      <th>Y1</th>\n",
       "      <th>Y2</th>\n",
       "      <th>O</th>\n",
       "      <th>P</th>\n",
       "    </tr>\n",
       "  </thead>\n",
       "  <tbody>\n",
       "    <tr>\n",
       "      <th>time</th>\n",
       "      <td>1.000000</td>\n",
       "      <td>-0.389147</td>\n",
       "      <td>0.167514</td>\n",
       "      <td>0.002630</td>\n",
       "      <td>-0.050204</td>\n",
       "      <td>-0.003221</td>\n",
       "      <td>-0.015302</td>\n",
       "      <td>-0.003088</td>\n",
       "      <td>0.002712</td>\n",
       "      <td>0.027639</td>\n",
       "      <td>-0.001808</td>\n",
       "      <td>0.160877</td>\n",
       "      <td>0.128514</td>\n",
       "      <td>0.000954</td>\n",
       "      <td>-0.000042</td>\n",
       "      <td>-0.005645</td>\n",
       "      <td>0.059143</td>\n",
       "      <td>-0.006679</td>\n",
       "      <td>-0.024621</td>\n",
       "    </tr>\n",
       "    <tr>\n",
       "      <th>A</th>\n",
       "      <td>-0.389147</td>\n",
       "      <td>1.000000</td>\n",
       "      <td>0.234165</td>\n",
       "      <td>-0.014099</td>\n",
       "      <td>0.401397</td>\n",
       "      <td>-0.001812</td>\n",
       "      <td>0.213891</td>\n",
       "      <td>0.004653</td>\n",
       "      <td>-0.017072</td>\n",
       "      <td>0.233219</td>\n",
       "      <td>-0.024575</td>\n",
       "      <td>0.206646</td>\n",
       "      <td>0.181888</td>\n",
       "      <td>-0.027864</td>\n",
       "      <td>-0.022795</td>\n",
       "      <td>-0.006105</td>\n",
       "      <td>0.484746</td>\n",
       "      <td>0.072087</td>\n",
       "      <td>0.044636</td>\n",
       "    </tr>\n",
       "    <tr>\n",
       "      <th>B</th>\n",
       "      <td>0.167514</td>\n",
       "      <td>0.234165</td>\n",
       "      <td>1.000000</td>\n",
       "      <td>-0.087635</td>\n",
       "      <td>0.463441</td>\n",
       "      <td>-0.060270</td>\n",
       "      <td>0.425797</td>\n",
       "      <td>-0.065093</td>\n",
       "      <td>-0.093476</td>\n",
       "      <td>0.500890</td>\n",
       "      <td>-0.052194</td>\n",
       "      <td>0.634238</td>\n",
       "      <td>0.526446</td>\n",
       "      <td>-0.095832</td>\n",
       "      <td>-0.085115</td>\n",
       "      <td>-0.094995</td>\n",
       "      <td>0.581859</td>\n",
       "      <td>0.110819</td>\n",
       "      <td>0.027582</td>\n",
       "    </tr>\n",
       "    <tr>\n",
       "      <th>C</th>\n",
       "      <td>0.002630</td>\n",
       "      <td>-0.014099</td>\n",
       "      <td>-0.087635</td>\n",
       "      <td>1.000000</td>\n",
       "      <td>-0.040376</td>\n",
       "      <td>0.651873</td>\n",
       "      <td>-0.076914</td>\n",
       "      <td>0.657781</td>\n",
       "      <td>0.636027</td>\n",
       "      <td>-0.055286</td>\n",
       "      <td>0.755029</td>\n",
       "      <td>-0.005060</td>\n",
       "      <td>-0.070583</td>\n",
       "      <td>0.662659</td>\n",
       "      <td>0.672503</td>\n",
       "      <td>0.703823</td>\n",
       "      <td>-0.073009</td>\n",
       "      <td>0.143782</td>\n",
       "      <td>0.052993</td>\n",
       "    </tr>\n",
       "    <tr>\n",
       "      <th>D</th>\n",
       "      <td>-0.050204</td>\n",
       "      <td>0.401397</td>\n",
       "      <td>0.463441</td>\n",
       "      <td>-0.040376</td>\n",
       "      <td>1.000000</td>\n",
       "      <td>0.037757</td>\n",
       "      <td>0.469741</td>\n",
       "      <td>-0.044049</td>\n",
       "      <td>-0.064194</td>\n",
       "      <td>0.458717</td>\n",
       "      <td>-0.069936</td>\n",
       "      <td>0.495356</td>\n",
       "      <td>0.419148</td>\n",
       "      <td>-0.076082</td>\n",
       "      <td>-0.054570</td>\n",
       "      <td>-0.057097</td>\n",
       "      <td>0.611063</td>\n",
       "      <td>0.160364</td>\n",
       "      <td>0.036406</td>\n",
       "    </tr>\n",
       "    <tr>\n",
       "      <th>E</th>\n",
       "      <td>-0.003221</td>\n",
       "      <td>-0.001812</td>\n",
       "      <td>-0.060270</td>\n",
       "      <td>0.651873</td>\n",
       "      <td>0.037757</td>\n",
       "      <td>1.000000</td>\n",
       "      <td>-0.052012</td>\n",
       "      <td>0.677760</td>\n",
       "      <td>0.616605</td>\n",
       "      <td>-0.059943</td>\n",
       "      <td>0.661936</td>\n",
       "      <td>-0.038899</td>\n",
       "      <td>-0.055095</td>\n",
       "      <td>0.613281</td>\n",
       "      <td>0.529844</td>\n",
       "      <td>0.684297</td>\n",
       "      <td>-0.044583</td>\n",
       "      <td>0.132889</td>\n",
       "      <td>0.051004</td>\n",
       "    </tr>\n",
       "    <tr>\n",
       "      <th>F</th>\n",
       "      <td>-0.015302</td>\n",
       "      <td>0.213891</td>\n",
       "      <td>0.425797</td>\n",
       "      <td>-0.076914</td>\n",
       "      <td>0.469741</td>\n",
       "      <td>-0.052012</td>\n",
       "      <td>1.000000</td>\n",
       "      <td>-0.059259</td>\n",
       "      <td>-0.019917</td>\n",
       "      <td>0.409510</td>\n",
       "      <td>-0.089096</td>\n",
       "      <td>0.383416</td>\n",
       "      <td>0.371881</td>\n",
       "      <td>-0.087894</td>\n",
       "      <td>-0.076666</td>\n",
       "      <td>-0.073191</td>\n",
       "      <td>0.496667</td>\n",
       "      <td>0.121155</td>\n",
       "      <td>0.033502</td>\n",
       "    </tr>\n",
       "    <tr>\n",
       "      <th>G</th>\n",
       "      <td>-0.003088</td>\n",
       "      <td>0.004653</td>\n",
       "      <td>-0.065093</td>\n",
       "      <td>0.657781</td>\n",
       "      <td>-0.044049</td>\n",
       "      <td>0.677760</td>\n",
       "      <td>-0.059259</td>\n",
       "      <td>1.000000</td>\n",
       "      <td>0.668732</td>\n",
       "      <td>-0.072203</td>\n",
       "      <td>0.665985</td>\n",
       "      <td>-0.049647</td>\n",
       "      <td>-0.047391</td>\n",
       "      <td>0.660633</td>\n",
       "      <td>0.561462</td>\n",
       "      <td>0.814568</td>\n",
       "      <td>-0.060187</td>\n",
       "      <td>0.172294</td>\n",
       "      <td>0.059755</td>\n",
       "    </tr>\n",
       "    <tr>\n",
       "      <th>H</th>\n",
       "      <td>0.002712</td>\n",
       "      <td>-0.017072</td>\n",
       "      <td>-0.093476</td>\n",
       "      <td>0.636027</td>\n",
       "      <td>-0.064194</td>\n",
       "      <td>0.616605</td>\n",
       "      <td>-0.019917</td>\n",
       "      <td>0.668732</td>\n",
       "      <td>1.000000</td>\n",
       "      <td>-0.092602</td>\n",
       "      <td>0.661407</td>\n",
       "      <td>-0.082067</td>\n",
       "      <td>-0.075921</td>\n",
       "      <td>0.614654</td>\n",
       "      <td>0.532252</td>\n",
       "      <td>0.707560</td>\n",
       "      <td>-0.086976</td>\n",
       "      <td>0.125554</td>\n",
       "      <td>0.057230</td>\n",
       "    </tr>\n",
       "    <tr>\n",
       "      <th>I</th>\n",
       "      <td>0.027639</td>\n",
       "      <td>0.233219</td>\n",
       "      <td>0.500890</td>\n",
       "      <td>-0.055286</td>\n",
       "      <td>0.458717</td>\n",
       "      <td>-0.059943</td>\n",
       "      <td>0.409510</td>\n",
       "      <td>-0.072203</td>\n",
       "      <td>-0.092602</td>\n",
       "      <td>1.000000</td>\n",
       "      <td>-0.097424</td>\n",
       "      <td>0.589646</td>\n",
       "      <td>0.468341</td>\n",
       "      <td>-0.096249</td>\n",
       "      <td>0.027320</td>\n",
       "      <td>-0.090226</td>\n",
       "      <td>0.508347</td>\n",
       "      <td>0.188647</td>\n",
       "      <td>0.033585</td>\n",
       "    </tr>\n",
       "    <tr>\n",
       "      <th>J</th>\n",
       "      <td>-0.001808</td>\n",
       "      <td>-0.024575</td>\n",
       "      <td>-0.052194</td>\n",
       "      <td>0.755029</td>\n",
       "      <td>-0.069936</td>\n",
       "      <td>0.661936</td>\n",
       "      <td>-0.089096</td>\n",
       "      <td>0.665985</td>\n",
       "      <td>0.661407</td>\n",
       "      <td>-0.097424</td>\n",
       "      <td>1.000000</td>\n",
       "      <td>-0.078695</td>\n",
       "      <td>-0.089647</td>\n",
       "      <td>0.670946</td>\n",
       "      <td>0.614869</td>\n",
       "      <td>0.723921</td>\n",
       "      <td>-0.097986</td>\n",
       "      <td>0.108166</td>\n",
       "      <td>0.052619</td>\n",
       "    </tr>\n",
       "    <tr>\n",
       "      <th>K</th>\n",
       "      <td>0.160877</td>\n",
       "      <td>0.206646</td>\n",
       "      <td>0.634238</td>\n",
       "      <td>-0.005060</td>\n",
       "      <td>0.495356</td>\n",
       "      <td>-0.038899</td>\n",
       "      <td>0.383416</td>\n",
       "      <td>-0.049647</td>\n",
       "      <td>-0.082067</td>\n",
       "      <td>0.589646</td>\n",
       "      <td>-0.078695</td>\n",
       "      <td>1.000000</td>\n",
       "      <td>0.507639</td>\n",
       "      <td>-0.076608</td>\n",
       "      <td>-0.043428</td>\n",
       "      <td>-0.080196</td>\n",
       "      <td>0.599183</td>\n",
       "      <td>0.148319</td>\n",
       "      <td>0.017379</td>\n",
       "    </tr>\n",
       "    <tr>\n",
       "      <th>L</th>\n",
       "      <td>0.128514</td>\n",
       "      <td>0.181888</td>\n",
       "      <td>0.526446</td>\n",
       "      <td>-0.070583</td>\n",
       "      <td>0.419148</td>\n",
       "      <td>-0.055095</td>\n",
       "      <td>0.371881</td>\n",
       "      <td>-0.047391</td>\n",
       "      <td>-0.075921</td>\n",
       "      <td>0.468341</td>\n",
       "      <td>-0.089647</td>\n",
       "      <td>0.507639</td>\n",
       "      <td>1.000000</td>\n",
       "      <td>0.009064</td>\n",
       "      <td>-0.075581</td>\n",
       "      <td>-0.072366</td>\n",
       "      <td>0.503546</td>\n",
       "      <td>0.112486</td>\n",
       "      <td>0.024001</td>\n",
       "    </tr>\n",
       "    <tr>\n",
       "      <th>M</th>\n",
       "      <td>0.000954</td>\n",
       "      <td>-0.027864</td>\n",
       "      <td>-0.095832</td>\n",
       "      <td>0.662659</td>\n",
       "      <td>-0.076082</td>\n",
       "      <td>0.613281</td>\n",
       "      <td>-0.087894</td>\n",
       "      <td>0.660633</td>\n",
       "      <td>0.614654</td>\n",
       "      <td>-0.096249</td>\n",
       "      <td>0.670946</td>\n",
       "      <td>-0.076608</td>\n",
       "      <td>0.009064</td>\n",
       "      <td>1.000000</td>\n",
       "      <td>0.564314</td>\n",
       "      <td>0.686246</td>\n",
       "      <td>-0.095326</td>\n",
       "      <td>0.128443</td>\n",
       "      <td>0.049687</td>\n",
       "    </tr>\n",
       "    <tr>\n",
       "      <th>N</th>\n",
       "      <td>-0.000042</td>\n",
       "      <td>-0.022795</td>\n",
       "      <td>-0.085115</td>\n",
       "      <td>0.672503</td>\n",
       "      <td>-0.054570</td>\n",
       "      <td>0.529844</td>\n",
       "      <td>-0.076666</td>\n",
       "      <td>0.561462</td>\n",
       "      <td>0.532252</td>\n",
       "      <td>0.027320</td>\n",
       "      <td>0.614869</td>\n",
       "      <td>-0.043428</td>\n",
       "      <td>-0.075581</td>\n",
       "      <td>0.564314</td>\n",
       "      <td>1.000000</td>\n",
       "      <td>0.595766</td>\n",
       "      <td>-0.080172</td>\n",
       "      <td>0.154490</td>\n",
       "      <td>0.043782</td>\n",
       "    </tr>\n",
       "    <tr>\n",
       "      <th>Y1</th>\n",
       "      <td>-0.005645</td>\n",
       "      <td>-0.006105</td>\n",
       "      <td>-0.094995</td>\n",
       "      <td>0.703823</td>\n",
       "      <td>-0.057097</td>\n",
       "      <td>0.684297</td>\n",
       "      <td>-0.073191</td>\n",
       "      <td>0.814568</td>\n",
       "      <td>0.707560</td>\n",
       "      <td>-0.090226</td>\n",
       "      <td>0.723921</td>\n",
       "      <td>-0.080196</td>\n",
       "      <td>-0.072366</td>\n",
       "      <td>0.686246</td>\n",
       "      <td>0.595766</td>\n",
       "      <td>1.000000</td>\n",
       "      <td>-0.064250</td>\n",
       "      <td>0.177676</td>\n",
       "      <td>0.074776</td>\n",
       "    </tr>\n",
       "    <tr>\n",
       "      <th>Y2</th>\n",
       "      <td>0.059143</td>\n",
       "      <td>0.484746</td>\n",
       "      <td>0.581859</td>\n",
       "      <td>-0.073009</td>\n",
       "      <td>0.611063</td>\n",
       "      <td>-0.044583</td>\n",
       "      <td>0.496667</td>\n",
       "      <td>-0.060187</td>\n",
       "      <td>-0.086976</td>\n",
       "      <td>0.508347</td>\n",
       "      <td>-0.097986</td>\n",
       "      <td>0.599183</td>\n",
       "      <td>0.503546</td>\n",
       "      <td>-0.095326</td>\n",
       "      <td>-0.080172</td>\n",
       "      <td>-0.064250</td>\n",
       "      <td>1.000000</td>\n",
       "      <td>0.167684</td>\n",
       "      <td>0.069005</td>\n",
       "    </tr>\n",
       "    <tr>\n",
       "      <th>O</th>\n",
       "      <td>-0.006679</td>\n",
       "      <td>0.072087</td>\n",
       "      <td>0.110819</td>\n",
       "      <td>0.143782</td>\n",
       "      <td>0.160364</td>\n",
       "      <td>0.132889</td>\n",
       "      <td>0.121155</td>\n",
       "      <td>0.172294</td>\n",
       "      <td>0.125554</td>\n",
       "      <td>0.188647</td>\n",
       "      <td>0.108166</td>\n",
       "      <td>0.148319</td>\n",
       "      <td>0.112486</td>\n",
       "      <td>0.128443</td>\n",
       "      <td>0.154490</td>\n",
       "      <td>0.177676</td>\n",
       "      <td>0.167684</td>\n",
       "      <td>1.000000</td>\n",
       "      <td>0.019712</td>\n",
       "    </tr>\n",
       "    <tr>\n",
       "      <th>P</th>\n",
       "      <td>-0.024621</td>\n",
       "      <td>0.044636</td>\n",
       "      <td>0.027582</td>\n",
       "      <td>0.052993</td>\n",
       "      <td>0.036406</td>\n",
       "      <td>0.051004</td>\n",
       "      <td>0.033502</td>\n",
       "      <td>0.059755</td>\n",
       "      <td>0.057230</td>\n",
       "      <td>0.033585</td>\n",
       "      <td>0.052619</td>\n",
       "      <td>0.017379</td>\n",
       "      <td>0.024001</td>\n",
       "      <td>0.049687</td>\n",
       "      <td>0.043782</td>\n",
       "      <td>0.074776</td>\n",
       "      <td>0.069005</td>\n",
       "      <td>0.019712</td>\n",
       "      <td>1.000000</td>\n",
       "    </tr>\n",
       "  </tbody>\n",
       "</table>\n",
       "</div>"
      ],
      "text/plain": [
       "          time         A         B         C         D         E         F  \\\n",
       "time  1.000000 -0.389147  0.167514  0.002630 -0.050204 -0.003221 -0.015302   \n",
       "A    -0.389147  1.000000  0.234165 -0.014099  0.401397 -0.001812  0.213891   \n",
       "B     0.167514  0.234165  1.000000 -0.087635  0.463441 -0.060270  0.425797   \n",
       "C     0.002630 -0.014099 -0.087635  1.000000 -0.040376  0.651873 -0.076914   \n",
       "D    -0.050204  0.401397  0.463441 -0.040376  1.000000  0.037757  0.469741   \n",
       "E    -0.003221 -0.001812 -0.060270  0.651873  0.037757  1.000000 -0.052012   \n",
       "F    -0.015302  0.213891  0.425797 -0.076914  0.469741 -0.052012  1.000000   \n",
       "G    -0.003088  0.004653 -0.065093  0.657781 -0.044049  0.677760 -0.059259   \n",
       "H     0.002712 -0.017072 -0.093476  0.636027 -0.064194  0.616605 -0.019917   \n",
       "I     0.027639  0.233219  0.500890 -0.055286  0.458717 -0.059943  0.409510   \n",
       "J    -0.001808 -0.024575 -0.052194  0.755029 -0.069936  0.661936 -0.089096   \n",
       "K     0.160877  0.206646  0.634238 -0.005060  0.495356 -0.038899  0.383416   \n",
       "L     0.128514  0.181888  0.526446 -0.070583  0.419148 -0.055095  0.371881   \n",
       "M     0.000954 -0.027864 -0.095832  0.662659 -0.076082  0.613281 -0.087894   \n",
       "N    -0.000042 -0.022795 -0.085115  0.672503 -0.054570  0.529844 -0.076666   \n",
       "Y1   -0.005645 -0.006105 -0.094995  0.703823 -0.057097  0.684297 -0.073191   \n",
       "Y2    0.059143  0.484746  0.581859 -0.073009  0.611063 -0.044583  0.496667   \n",
       "O    -0.006679  0.072087  0.110819  0.143782  0.160364  0.132889  0.121155   \n",
       "P    -0.024621  0.044636  0.027582  0.052993  0.036406  0.051004  0.033502   \n",
       "\n",
       "             G         H         I         J         K         L         M  \\\n",
       "time -0.003088  0.002712  0.027639 -0.001808  0.160877  0.128514  0.000954   \n",
       "A     0.004653 -0.017072  0.233219 -0.024575  0.206646  0.181888 -0.027864   \n",
       "B    -0.065093 -0.093476  0.500890 -0.052194  0.634238  0.526446 -0.095832   \n",
       "C     0.657781  0.636027 -0.055286  0.755029 -0.005060 -0.070583  0.662659   \n",
       "D    -0.044049 -0.064194  0.458717 -0.069936  0.495356  0.419148 -0.076082   \n",
       "E     0.677760  0.616605 -0.059943  0.661936 -0.038899 -0.055095  0.613281   \n",
       "F    -0.059259 -0.019917  0.409510 -0.089096  0.383416  0.371881 -0.087894   \n",
       "G     1.000000  0.668732 -0.072203  0.665985 -0.049647 -0.047391  0.660633   \n",
       "H     0.668732  1.000000 -0.092602  0.661407 -0.082067 -0.075921  0.614654   \n",
       "I    -0.072203 -0.092602  1.000000 -0.097424  0.589646  0.468341 -0.096249   \n",
       "J     0.665985  0.661407 -0.097424  1.000000 -0.078695 -0.089647  0.670946   \n",
       "K    -0.049647 -0.082067  0.589646 -0.078695  1.000000  0.507639 -0.076608   \n",
       "L    -0.047391 -0.075921  0.468341 -0.089647  0.507639  1.000000  0.009064   \n",
       "M     0.660633  0.614654 -0.096249  0.670946 -0.076608  0.009064  1.000000   \n",
       "N     0.561462  0.532252  0.027320  0.614869 -0.043428 -0.075581  0.564314   \n",
       "Y1    0.814568  0.707560 -0.090226  0.723921 -0.080196 -0.072366  0.686246   \n",
       "Y2   -0.060187 -0.086976  0.508347 -0.097986  0.599183  0.503546 -0.095326   \n",
       "O     0.172294  0.125554  0.188647  0.108166  0.148319  0.112486  0.128443   \n",
       "P     0.059755  0.057230  0.033585  0.052619  0.017379  0.024001  0.049687   \n",
       "\n",
       "             N        Y1        Y2         O         P  \n",
       "time -0.000042 -0.005645  0.059143 -0.006679 -0.024621  \n",
       "A    -0.022795 -0.006105  0.484746  0.072087  0.044636  \n",
       "B    -0.085115 -0.094995  0.581859  0.110819  0.027582  \n",
       "C     0.672503  0.703823 -0.073009  0.143782  0.052993  \n",
       "D    -0.054570 -0.057097  0.611063  0.160364  0.036406  \n",
       "E     0.529844  0.684297 -0.044583  0.132889  0.051004  \n",
       "F    -0.076666 -0.073191  0.496667  0.121155  0.033502  \n",
       "G     0.561462  0.814568 -0.060187  0.172294  0.059755  \n",
       "H     0.532252  0.707560 -0.086976  0.125554  0.057230  \n",
       "I     0.027320 -0.090226  0.508347  0.188647  0.033585  \n",
       "J     0.614869  0.723921 -0.097986  0.108166  0.052619  \n",
       "K    -0.043428 -0.080196  0.599183  0.148319  0.017379  \n",
       "L    -0.075581 -0.072366  0.503546  0.112486  0.024001  \n",
       "M     0.564314  0.686246 -0.095326  0.128443  0.049687  \n",
       "N     1.000000  0.595766 -0.080172  0.154490  0.043782  \n",
       "Y1    0.595766  1.000000 -0.064250  0.177676  0.074776  \n",
       "Y2   -0.080172 -0.064250  1.000000  0.167684  0.069005  \n",
       "O     0.154490  0.177676  0.167684  1.000000  0.019712  \n",
       "P     0.043782  0.074776  0.069005  0.019712  1.000000  "
      ]
     },
     "execution_count": 91,
     "metadata": {},
     "output_type": "execute_result"
    }
   ],
   "source": [
    "train_data.corr()"
   ]
  },
  {
   "cell_type": "markdown",
   "id": "749de417",
   "metadata": {},
   "source": [
    "# Mutual Information"
   ]
  },
  {
   "cell_type": "code",
   "execution_count": 92,
   "id": "42bafccd",
   "metadata": {},
   "outputs": [
    {
     "name": "stdout",
     "output_type": "stream",
     "text": [
      "0\n",
      "nan 64007\n",
      "4.0 3841\n",
      "3.0 3653\n",
      "2.0 3404\n",
      "1.0 2918\n",
      "5.0 836\n",
      "6.0 342\n",
      "7.0 211\n",
      "8.0 125\n",
      "9.0 86\n",
      "10.0 70\n",
      "11.0 56\n",
      "12.0 47\n",
      "13.0 41\n",
      "16.0 24\n",
      "14.0 22\n",
      "15.0 19\n",
      "18.0 17\n",
      "17.0 15\n",
      "21.0 12\n",
      "32.0 11\n",
      "28.0 11\n",
      "23.0 11\n",
      "31.0 10\n",
      "34.0 9\n",
      "19.0 9\n",
      "24.0 9\n",
      "29.0 8\n",
      "25.0 8\n",
      "20.0 7\n",
      "22.0 7\n",
      "27.0 7\n",
      "26.0 6\n",
      "33.0 5\n",
      "94.0 4\n",
      "42.0 4\n",
      "85.0 4\n",
      "36.0 4\n",
      "35.0 4\n",
      "37.0 3\n",
      "60.0 3\n",
      "39.0 3\n",
      "53.0 3\n",
      "52.0 3\n",
      "30.0 3\n",
      "49.0 3\n",
      "91.0 3\n",
      "45.0 3\n",
      "80.0 2\n",
      "84.0 2\n",
      "253.0 2\n",
      "75.0 2\n",
      "82.0 2\n",
      "41.0 2\n",
      "44.0 2\n",
      "48.0 2\n",
      "110.0 2\n",
      "59.0 2\n",
      "99.0 2\n",
      "77.0 2\n",
      "192.0 2\n",
      "74.0 2\n",
      "51.0 2\n",
      "54.0 2\n",
      "40.0 2\n",
      "61.0 2\n",
      "139.0 1\n",
      "232.0 1\n",
      "222.0 1\n",
      "186.0 1\n",
      "97.0 1\n",
      "208.0 1\n",
      "50.0 1\n",
      "101.0 1\n",
      "571.0 1\n",
      "57.0 1\n",
      "682.0 1\n",
      "38.0 1\n",
      "400.0 1\n",
      "234.0 1\n",
      "111.0 1\n",
      "113.0 1\n",
      "96.0 1\n",
      "87.0 1\n",
      "485.0 1\n",
      "1765.0 1\n",
      "46.0 1\n",
      "131.0 1\n",
      "662.0 1\n",
      "150.0 1\n",
      "68.0 1\n",
      "2250.0 1\n",
      "219.0 1\n",
      "642.0 1\n",
      "141.0 1\n",
      "55.0 1\n",
      "258.0 1\n",
      "812.0 1\n",
      "144.0 1\n",
      "43.0 1\n",
      "301.0 1\n",
      "3645.0 1\n",
      "103.0 1\n",
      "83.0 1\n",
      "153.0 1\n",
      "145.0 1\n",
      "159.0 1\n",
      "93.0 1\n",
      "230.0 1\n",
      "140.0 1\n",
      "69.0 1\n",
      "73.0 1\n",
      "354.0 1\n",
      "257.0 1\n",
      "387.0 1\n",
      "238.0 1\n",
      "72.0 1\n",
      "58.0 1\n",
      "79.0 1\n"
     ]
    }
   ],
   "source": [
    "x = train_data['O'].value_counts(dropna=False)\n",
    "print(len(train_data[train_data['O'] == 0]))\n",
    "for idx, val in x.items():\n",
    "    print(idx, val)"
   ]
  },
  {
   "cell_type": "code",
   "execution_count": 93,
   "id": "41edba6f",
   "metadata": {},
   "outputs": [
    {
     "name": "stdout",
     "output_type": "stream",
     "text": [
      "12396\n",
      "nan 64006\n",
      "0.0 12396\n",
      "1.0 3598\n"
     ]
    }
   ],
   "source": [
    "x = train_data['P'].value_counts(dropna=False)\n",
    "print(len(train_data[train_data['P'] == 0]))\n",
    "for idx, val in x.items():\n",
    "    print(idx, val)"
   ]
  },
  {
   "cell_type": "code",
   "execution_count": 94,
   "id": "2f21d537",
   "metadata": {},
   "outputs": [],
   "source": [
    "# train_data['O'] = train_data['O'].fillna(0)\n",
    "# train_data['P'] = train_data['P'].fillna(0.5)"
   ]
  },
  {
   "cell_type": "code",
   "execution_count": 96,
   "id": "9824ce8f",
   "metadata": {},
   "outputs": [
    {
     "data": {
      "text/plain": [
       "0    1.021464\n",
       "1    1.021464\n",
       "2    1.021464\n",
       "3    1.021464\n",
       "4    1.021464\n",
       "Name: O_logged, dtype: float64"
      ]
     },
     "execution_count": 96,
     "metadata": {},
     "output_type": "execute_result"
    }
   ],
   "source": [
    "train_data['O'].fillna(train_data['O'].mean())\n",
    "train_data['O_logged'] = np.log(train_data['O'])\n",
    "train_data['O_logged'] = train_data['O_logged'].fillna(train_data['O_logged'].mean())\n",
    "train_data['O_logged'].head()"
   ]
  },
  {
   "cell_type": "code",
   "execution_count": 97,
   "id": "e4cc4150",
   "metadata": {},
   "outputs": [
    {
     "data": {
